0.0000000000e+00 1.8470899658e+02 3.2724098760e+02 5.0300002836e+01 -6.1844993578e-01 3.4281141002e-01 -3.4281146963e-01 6.1844992553e-01
1.0000000000e+00 1.8461317610e+02 3.2729412372e+02 5.0305890973e+01 -6.1849170885e-01 3.4268044005e-01 -3.4277293207e-01 6.1850209307e-01
2.0000000000e+00 2.2291615845e+02 2.9515510693e+02 5.0303940882e+01 -6.1849170885e-01 3.4268044005e-01 -3.4277293207e-01 6.1850209307e-01
3.0000000000e+00 2.6121815048e+02 2.6301506874e+02 5.0302890062e+01 -6.1849170885e-01 3.4268044005e-01 -3.4277293207e-01 6.1850209307e-01
4.0000000000e+00 3.0024894457e+02 2.3176386768e+02 5.0302894560e+01 -6.2239495274e-01 3.3553896082e-01 -3.3563132708e-01 6.2240641132e-01
5.0000000000e+00 3.0024480178e+02 2.3175501192e+02 5.0302874160e+01 -6.3670070110e-01 3.0752903574e-01 -3.0762080115e-01 6.3671622572e-01
6.0000000000e+00 3.0024146224e+02 2.3174582309e+02 5.0302853760e+01 -6.4974669212e-01 2.7891064273e-01 -2.7900162573e-01 6.4976625205e-01
7.0000000000e+00 3.0023895235e+02 2.3173637388e+02 5.0302833361e+01 -6.6150711337e-01 2.4974040529e-01 -2.4983042586e-01 6.6153066992e-01
8.0000000000e+00 3.0023729197e+02 2.3172673903e+02 5.0302812962e+01 -6.7195869604e-01 2.2007603880e-01 -2.2016491884e-01 6.7198620260e-01
9.0000000000e+00 3.0023649423e+02 2.3171699476e+02 5.0302792564e+01 -6.8108076092e-01 1.8997623632e-01 -1.9006379996e-01 6.8111216307e-01
1.0000000000e+01 3.0023656546e+02 2.3170721815e+02 5.0302772165e+01 -6.8885525938e-01 1.5950055242e-01 -1.5958662642e-01 6.8889049498e-01
1.1000000000e+01 3.0023750507e+02 2.3169748653e+02 5.0302751767e+01 -6.9526680901e-01 1.2870928541e-01 -1.2879369945e-01 6.9530580835e-01
1.2000000000e+01 3.0023930565e+02 2.3168787690e+02 5.0302731370e+01 -7.0030272411e-01 9.7663357971e-02 -9.7745945051e-02 7.0034541002e-01
1.3000000000e+01 3.0024195294e+02 2.3167846525e+02 5.0302710972e+01 -7.0395304077e-01 6.6424196679e-02 -6.6504793387e-02 7.0399932880e-01
1.4000000000e+01 3.0024542600e+02 2.3166932605e+02 5.0302690575e+01 -7.0621053657e-01 3.5053610418e-02 -3.5132057288e-02 7.0626033513e-01
1.5000000000e+01 3.0024969737e+02 2.3166053159e+02 5.0302670177e+01 -7.0707074491e-01 3.6136681105e-03 -3.6898099301e-03 7.0712395547e-01
1.6000000000e+01 3.0025473325e+02 2.3165215143e+02 5.0302649780e+01 -7.0653196379e-01 -2.7833424094e-02 2.7759737978e-02 7.0658848108e-01
1.7000000000e+01 3.0026049382e+02 2.3164425187e+02 5.0302629383e+01 -7.0459525924e-01 -5.9225445902e-02 5.9154361281e-02 7.0465497143e-01
1.8000000000e+01 3.0026693349e+02 2.3163689539e+02 5.0302608986e+01 -7.0126446316e-01 -9.0500285979e-02 9.0431943500e-02 7.0132725210e-01
1.9000000000e+01 3.0027400133e+02 2.3163014019e+02 5.0302588589e+01 -6.9654616577e-01 -1.2159606484e-01 1.2153059973e-01 6.9661190723e-01
2.0000000000e+01 3.0028164143e+02 2.3162403969e+02 5.0302568192e+01 -6.9044970255e-01 -1.5245125730e-01 1.5238879907e-01 6.9051826646e-01
2.1000000000e+01 2.9987010080e+02 2.1812601553e+02 5.0302558344e+01 -6.8831825838e-01 -1.6180292512e-01 1.6174141422e-01 6.8838761140e-01
2.2000000000e+01 2.9982486948e+02 2.0462179337e+02 5.0302549513e+01 -6.8606015826e-01 -1.7112481994e-01 1.7106426768e-01 6.8613028761e-01
2.3000000000e+01 3.0014598080e+02 1.9112131228e+02 5.0302541700e+01 -6.8367581768e-01 -1.8041522645e-01 1.8035564397e-01 6.8374671046e-01
2.4000000000e+01 3.0083319846e+02 1.7763450858e+02 5.0302534907e+01 -6.8116567539e-01 -1.8967243514e-01 1.8961383341e-01 6.8123731856e-01
2.5000000000e+01 3.0188601671e+02 1.6417130853e+02 5.0302529135e+01 -6.7853019327e-01 -1.9889474262e-01 1.9883713242e-01 6.7860257364e-01
2.6000000000e+01 3.0330366070e+02 1.5074162101e+02 5.0302524384e+01 -6.7576985627e-01 -2.0808045190e-01 2.0802384384e-01 6.7584296053e-01
2.7000000000e+01 3.0508508710e+02 1.3735533025e+02 5.0302520653e+01 -6.7288517231e-01 -2.1722787274e-01 2.1717227723e-01 6.7295898700e-01
2.8000000000e+01 3.0722898482e+02 1.2402228853e+02 5.0302517941e+01 -6.6987667220e-01 -2.2633532196e-01 2.2628074922e-01 6.6995118375e-01
2.9000000000e+01 3.0973377599e+02 1.1075230893e+02 5.0302516246e+01 -6.6674490953e-01 -2.3540112370e-01 2.3534758378e-01 6.6682010422e-01
3.0000000000e+01 3.1259761713e+02 9.7555158146e+01 5.0302515565e+01 -6.6349046056e-01 -2.4442360978e-01 2.4437111254e-01 6.6356632455e-01
3.1000000000e+01 3.1581840049e+02 8.4440549242e+01 5.0302515895e+01 -6.6011392414e-01 -2.5340112000e-01 2.5334967509e-01 6.6019044348e-01
3.2000000000e+01 3.1939375561e+02 7.1418134553e+01 5.0302517230e+01 -6.5661592158e-01 -2.6233200243e-01 2.6228161932e-01 6.5669308219e-01
3.3000000000e+01 3.2332105110e+02 5.8497498553e+01 5.0302519567e+01 -6.5299709654e-01 -2.7121461371e-01 2.7116530167e-01 6.5307488421e-01
3.4000000000e+01 3.2759739649e+02 4.5688150808e+01 5.0302522898e+01 -6.4925811491e-01 -2.8004731937e-01 2.7999908748e-01 6.4933651533e-01
3.5000000000e+01 3.3221964444e+02 3.2999518980e+01 5.0302527219e+01 -6.4539966469e-01 -2.8882849413e-01 2.8878135126e-01 6.4547866344e-01
3.6000000000e+01 3.3718439303e+02 2.0440941881e+01 5.0302532520e+01 -6.4142245587e-01 -2.9755652218e-01 2.9751047700e-01 6.4150203841e-01
3.7000000000e+01 3.4248798825e+02 8.0216626078e+00 5.0302538794e+01 -6.3732722028e-01 -3.0622979750e-01 3.0618485848e-01 6.3740737197e-01
3.8000000000e+01 3.4812652670e+02 -4.2491782667e+00 5.0302546033e+01 -6.3311471149e-01 -3.1484672413e-01 3.1480289955e-01 6.3319541758e-01
3.9000000000e+01 3.5409585846e+02 -1.6362549418e+01 5.0302554227e+01 -6.2878570462e-01 -3.2340571649e-01 3.2336301441e-01 6.2886695025e-01
4.0000000000e+01 3.6039159015e+02 -2.8309535419e+01 5.0302563366e+01 -6.2434099625e-01 -3.3190519966e-01 3.3186362794e-01 6.2442276648e-01
4.1000000000e+01 3.7824421205e+02 -4.3986216209e+01 5.0310825116e+01 -6.1906183732e-01 -3.4165063716e-01 3.4161036322e-01 6.1914428321e-01
4.2000000000e+01 3.9657945042e+02 -5.9095603075e+01 5.0319085608e+01 -6.1363057224e-01 -3.5131212963e-01 3.5127316337e-01 6.1371367353e-01
4.3000000000e+01 4.1537928622e+02 -7.3622847090e+01 5.0327344815e+01 -6.0804853549e-01 -3.6088730320e-01 3.6084965419e-01 6.0813227175e-01
4.4000000000e+01 4.3462524387e+02 -8.7553671426e+01 5.0335602707e+01 -6.0231709859e-01 -3.7037380520e-01 3.7033748270e-01 6.0240144926e-01
4.5000000000e+01 4.5429840932e+02 -1.0087438539e+02 5.0343859259e+01 -5.9643766979e-01 -3.7976930476e-01 3.7973431769e-01 5.9652261414e-01
4.6000000000e+01 4.7437944868e+02 -1.1357189788e+02 5.0352114446e+01 -5.9041169368e-01 -3.8907149337e-01 3.8903785033e-01 5.9049721084e-01
4.7000000000e+01 4.9484862724e+02 -1.2563373024e+02 5.0360368243e+01 -5.8424065089e-01 -3.9827808544e-01 3.9824579469e-01 5.8432671984e-01
4.8000000000e+01 5.1568582880e+02 -1.3704802854e+02 5.0368620630e+01 -5.7792605764e-01 -4.0738681887e-01 4.0735588835e-01 5.7801265725e-01
4.9000000000e+01 5.3687057553e+02 -1.4780357522e+02 5.0376871585e+01 -5.7146946548e-01 -4.1639545560e-01 4.1636589291e-01 5.7155657446e-01
5.0000000000e+01 5.5838204801e+02 -1.5788980010e+02 5.0385121088e+01 -5.6487246081e-01 -4.2530178218e-01 4.2527359458e-01 5.6496005775e-01
5.1000000000e+01 5.8019910573e+02 -1.6729679078e+02 5.0393369121e+01 -5.5813666454e-01 -4.3410361028e-01 4.3407680469e-01 5.5822472793e-01
5.2000000000e+01 6.0230030787e+02 -1.7601530238e+02 5.0401615669e+01 -5.5126373169e-01 -4.4279877725e-01 4.4277336027e-01 5.5135223989e-01
5.3000000000e+01 6.2466393436e+02 -1.8403676665e+02 5.0409860714e+01 -5.4425535097e-01 -4.5138514665e-01 4.5136112452e-01 5.4434428223e-01
5.4000000000e+01 6.4726800722e+02 -1.9135330034e+02 5.0418104245e+01 -5.3711324436e-01 -4.5986060878e-01 4.5983798740e-01 5.3720257683e-01
5.5000000000e+01 6.7009031218e+02 -1.9795771298e+02 5.0426346249e+01 -5.2983916672e-01 -4.6822308119e-01 4.6820186611e-01 5.2992887845e-01
5.6000000000e+01 6.9310842049e+02 -2.0384351394e+02 5.0434586715e+01 -5.2243490532e-01 -4.7647050916e-01 4.7645070561e-01 5.2252497427e-01
5.7000000000e+01 7.1629971096e+02 -2.0900491882e+02 5.0442825633e+01 -5.1490227941e-01 -4.8460086628e-01 4.8458247911e-01 5.1499268345e-01
5.8000000000e+01 7.3964139223e+02 -2.1343685511e+02 5.0451062997e+01 -5.0724313979e-01 -4.9261215488e-01 4.9259518861e-01 5.0733385670e-01
5.9000000000e+01 7.6311052511e+02 -2.1713496721e+02 5.0459298800e+01 -4.9945936835e-01 -5.0050240655e-01 5.0048686536e-01 4.9955037585e-01
6.0000000000e+01 7.8668404516e+02 -2.2009562067e+02 5.0467533038e+01 -4.9155287759e-01 -5.0826968262e-01 5.0825557033e-01 4.9164415332e-01
6.1000000000e+01 7.6931052090e+02 -2.2791024090e+02 5.0478937976e+01 -4.9631883672e-01 -5.0361682402e-01 5.0360185816e-01 4.9640998715e-01
6.2000000000e+01 7.5179286315e+02 -2.3539618077e+02 5.0490343158e+01 -5.0104075565e-01 -4.9891927765e-01 4.9890345956e-01 5.0113177270e-01
6.3000000000e+01 7.3413728940e+02 -2.4255078333e+02 5.0501748588e+01 -5.0571821539e-01 -4.9417746035e-01 4.9416079142e-01 5.0580909099e-01
6.4000000000e+01 7.1635006609e+02 -2.4937150923e+02 5.0513154270e+01 -5.1035080091e-01 -4.8939179286e-01 4.8937427458e-01 5.1044152699e-01
6.5000000000e+01 6.9843750639e+02 -2.5585593760e+02 5.0524560208e+01 -5.1493810112e-01 -4.8456269985e-01 4.8454433376e-01 5.1502866963e-01
6.6000000000e+01 6.8040596793e+02 -2.6200176696e+02 5.0535966408e+01 -5.1947970899e-01 -4.7969060981e-01 4.7967139755e-01 5.1957011190e-01
6.7000000000e+01 6.6226185061e+02 -2.6780681600e+02 5.0547372873e+01 -5.2397522152e-01 -4.7477595506e-01 4.7475589834e-01 5.2406545080e-01
6.8000000000e+01 6.4401159425e+02 -2.7326902434e+02 5.0558779607e+01 -5.2842423981e-01 -4.6981917170e-01 4.6979827229e-01 5.2851428745e-01
6.9000000000e+01 6.2566167636e+02 -2.7838645330e+02 5.0570186614e+01 -5.3282636907e-01 -4.6482069957e-01 4.6479895932e-01 5.3291622709e-01
7.0000000000e+01 6.0721860983e+02 -2.8315728659e+02 5.0581593898e+01 -5.3718121870e-01 -4.5978098218e-01 4.5975840303e-01 5.3727087911e-01
7.1000000000e+01 5.8868894058e+02 -2.8757983091e+02 5.0593001463e+01 -5.4148840226e-01 -4.5470046675e-01 4.5467705069e-01 5.4157785713e-01
7.2000000000e+01 5.7007924530e+02 -2.9165251658e+02 5.0604409313e+01 -5.4574753757e-01 -4.4957960407e-01 4.4955535319e-01 5.4583677895e-01
7.3000000000e+01 5.5139612907e+02 -2.9537389810e+02 5.0615817452e+01 -5.4995824671e-01 -4.4441884854e-01 4.4439376500e-01 5.5004726667e-01
7.4000000000e+01 5.3264622303e+02 -2.9874265467e+02 5.0627225882e+01 -5.5412015603e-01 -4.3921865810e-01 4.3919274411e-01 5.5420894668e-01
7.5000000000e+01 5.1383618201e+02 -3.0175759061e+02 5.0638634607e+01 -5.5823289623e-01 -4.3397949418e-01 4.3395275205e-01 5.5832144970e-01
7.6000000000e+01 4.9497268223e+02 -3.0441763586e+02 5.0650043631e+01 -5.6229610238e-01 -4.2870182166e-01 4.2867425376e-01 5.6238441080e-01
7.7000000000e+01 4.7606241882e+02 -3.0672184630e+02 5.0661452957e+01 -5.6630941394e-01 -4.2338610886e-01 4.2335771763e-01 5.6639746948e-01
7.8000000000e+01 4.5711210356e+02 -3.0866940410e+02 5.0672862588e+01 -5.7027247478e-01 -4.1803282746e-01 4.1800361542e-01 5.7036026963e-01
7.9000000000e+01 4.3812846241e+02 -3.1025961804e+02 5.0684272526e+01 -5.7418493326e-01 -4.1264245247e-01 4.1261242222e-01 5.7427245962e-01
8.0000000000e+01 4.1911823319e+02 -3.1149192370e+02 5.0695682775e+01 -5.7804644220e-01 -4.0721546220e-01 4.0718461640e-01 5.7813369230e-01
8.1000000000e+01 3.2426694117e+02 -3.2085654030e+02 5.0689877155e+01 -5.9471317088e-01 -3.8246356109e-01 3.8242903032e-01 5.9479904638e-01
8.2000000000e+01 2.2896382947e+02 -3.2219089488e+02 5.0684066276e+01 -6.1032070975e-01 -3.5703048874e-01 3.5699233450e-01 6.1040505769e-01
8.3000000000e+01 1.3388753877e+02 -3.1548548573e+02 5.0678250468e+01 -6.2484126163e-01 -3.3096154169e-01 3.3091983194e-01 6.2492393179e-01
8.4000000000e+01 3.9715094603e+01 -3.0078806119e+02 5.0672430096e+01 -6.3824896526e-01 -3.0430314899e-01 3.0425795800e-01 6.3832981041e-01
8.5000000000e+01 -5.2882913665e+01 -2.7820327970e+02 5.0666605559e+01 -6.5051994141e-01 -2.7710278947e-01 2.7705419774e-01 6.5059881756e-01
8.6000000000e+01 -1.4324710803e+02 -2.4789196448e+02 5.0660777282e+01 -6.6163233535e-01 -2.4940890725e-01 2.4935700132e-01 6.6170910202e-01
8.7000000000e+01 -2.3073401717e+02 -2.1006995839e+02 5.0654945719e+01 -6.7156635580e-01 -2.2127082539e-01 2.2121569770e-01 6.7164087627e-01
8.8000000000e+01 -3.1472065853e+02 -1.6500658690e+02 5.0649111349e+01 -6.8030431018e-01 -1.9273865809e-01 1.9268040682e-01 6.8037645172e-01
8.9000000000e+01 -3.9460897451e+02 -1.1302274027e+02 5.0643274668e+01 -6.8783063610e-01 -1.6386322140e-01 1.6380195030e-01 6.8790027023e-01
9.0000000000e+01 -4.6983009112e+02 -5.4488588546e+01 5.0637436191e+01 -6.9413192912e-01 -1.3469594275e-01 1.3463176094e-01 6.9419893182e-01
9.1000000000e+01 -5.3984836888e+02 1.0179054400e+01 5.0631596442e+01 -6.9919696655e-01 -1.0528876934e-01 1.0522179114e-01 6.9926121849e-01
9.2000000000e+01 -6.0416521704e+02 8.0519698912e+01 5.0625755959e+01 -7.0301672753e-01 -7.5694075637e-02 7.5624420328e-02 7.0307811428e-01
9.3000000000e+01 -6.6232264396e+02 1.5603245866e+02 5.0619915282e+01 -7.0558440903e-01 -4.5964570062e-02 4.5892361702e-02 7.0564282125e-01
9.4000000000e+01 -7.1390651841e+02 2.3617961737e+02 5.0614074953e+01 -7.0689543797e-01 -1.6153201149e-02 1.6078568342e-02 7.0695077163e-01
9.5000000000e+01 -7.5854951856e+02 3.2039045784e+02 5.0608235511e+01 -7.0694747941e-01 1.3686936768e-02 -1.3763861101e-02 7.0699963596e-01
9.6000000000e+01 -7.9593374761e+02 4.0806532593e+02 5.0602397491e+01 -7.0574044065e-01 4.3502698121e-02 -4.3581776976e-02 7.0578932721e-01
9.7000000000e+01 -8.2579299750e+02 4.9857990065e+02 5.0596561415e+01 -7.0327647145e-01 7.3240980754e-02 -7.3322073292e-02 7.0332200094e-01
9.8000000000e+01 -8.4791464455e+02 5.9128963980e+02 5.0590727792e+01 -6.9955996016e-01 1.0284882050e-01 -1.0293178230e-01 6.9960205150e-01
