0.0000000000e+00 1.8470899658e+02 3.2724098760e+02 5.0300002836e+01 6.1844992553e-01 -6.1844993578e-01 3.4281141002e-01 -3.4281146963e-01
1.0000000000e+00 2.2301199276e+02 2.9510199435e+02 5.0104998201e+01 6.1844992553e-01 -6.1844993578e-01 3.4281141002e-01 -3.4281146963e-01
2.0000000000e+00 2.6131399626e+02 2.6296198019e+02 4.9999999560e+01 6.1844992553e-01 -6.1844993578e-01 3.4281141002e-01 -3.4281146963e-01
3.0000000000e+00 3.0034599555e+02 2.3171302415e+02 5.0000001644e+01 6.2235469080e-01 -6.2235468989e-01 3.3567040292e-01 -3.3567046253e-01
4.0000000000e+00 3.0034598325e+02 2.3171298979e+02 4.9999986524e+01 6.3666629672e-01 -6.3666632333e-01 3.0766213830e-01 -3.0766219791e-01
5.0000000000e+00 3.0034598394e+02 2.3171298074e+02 4.9999986939e+01 6.3865721539e-01 -6.3865724456e-01 3.0350771581e-01 -3.0350774561e-01
6.0000000000e+00 3.0034601731e+02 2.3171305755e+02 5.0191021391e+01 6.5735673744e-01 -6.5735669218e-01 2.6054200039e-01 -2.6054205999e-01
7.0000000000e+00 3.4816802942e+02 2.1711907938e+02 5.0000031883e+01 6.7443257322e-01 -6.7443249315e-01 2.1246352317e-01 -2.1246356788e-01
8.0000000000e+00 3.4816798784e+02 2.1711906148e+02 5.0000028813e+01 6.8243199345e-01 -6.8243191650e-01 1.8516646172e-01 -1.8516650642e-01
9.0000000000e+00 3.9804101007e+02 2.1354997326e+02 5.2208984062e+01 6.9400531154e-01 -6.9400535824e-01 1.3548649787e-01 -1.3548652768e-01
1.0000000000e+01 4.4791299580e+02 2.0998096172e+02 4.9999983466e+01 6.9400531154e-01 -6.9400535824e-01 1.3548649787e-01 -1.3548652768e-01
1.1000000000e+01 4.9778599545e+02 2.0641197614e+02 4.9567982000e+01 6.9400531154e-01 -6.9400535824e-01 1.3548649787e-01 -1.3548652768e-01
1.2000000000e+01 5.4778497952e+02 2.0616097864e+02 4.9999997949e+01 6.9812130943e-01 -6.9812132119e-01 1.1236826329e-01 -1.1236828564e-01
1.3000000000e+01 5.9778398827e+02 2.0590999145e+02 5.0028996910e+01 6.9812130943e-01 -6.9812132119e-01 1.1236826329e-01 -1.1236828564e-01
1.4000000000e+01 6.4778394702e+02 2.0565899161e+02 4.9999997572e+01 6.9812130943e-01 -6.9812132119e-01 1.1236826329e-01 -1.1236828564e-01
1.5000000000e+01 6.9778294828e+02 2.0540798178e+02 4.9999995893e+01 6.9812130943e-01 -6.9812132119e-01 1.1236826329e-01 -1.1236828564e-01
1.6000000000e+01 7.4778295232e+02 2.0515696698e+02 4.9754998262e+01 6.9812130943e-01 -6.9812132119e-01 1.1236826329e-01 -1.1236828564e-01
1.7000000000e+01 7.9757502997e+02 2.0970602847e+02 4.8543026892e+01 7.0271360832e-01 -7.0271354715e-01 7.8699589073e-02 -7.8699618876e-02
1.8000000000e+01 7.9757500559e+02 2.0970609339e+02 5.0020021502e+01 7.0545893882e-01 -7.0545884798e-01 4.8246741971e-02 -4.8246775499e-02
1.9000000000e+01 7.9757497843e+02 2.0970604533e+02 5.0000020513e+01 7.0604866733e-01 -7.0604859769e-01 3.8669463125e-02 -3.8669492927e-02
2.0000000000e+01 7.9757501088e+02 2.0970599890e+02 5.0000000196e+01 7.0650821922e-01 -7.0650820219e-01 2.9088610919e-02 -2.9088642584e-02
2.1000000000e+01 7.9757498590e+02 2.0970602273e+02 4.9999998919e+01 7.0691227911e-01 -7.0691226686e-01 -1.6584292632e-02 1.6584264692e-02
2.2000000000e+01 7.9757500013e+02 2.0970604001e+02 4.9999998948e+01 7.0579594355e-01 -7.0579584508e-01 -4.3036691888e-02 4.3036662085e-02
2.3000000000e+01 7.9757498917e+02 2.0970602330e+02 4.9999997622e+01 7.0388066736e-01 -7.0388060213e-01 -6.7468911663e-02 6.7468881861e-02
2.4000000000e+01 7.9757495433e+02 2.0970598921e+02 5.0888000663e+01 7.0175021866e-01 -7.0175021385e-01 -8.6871379471e-02 8.6871349668e-02
2.5000000000e+01 8.3835999745e+02 2.3863003503e+02 4.9999966911e+01 6.9902342434e-01 -6.9902330435e-01 -1.0661303148e-01 1.0661300913e-01
2.6000000000e+01 8.3835992597e+02 2.3863000889e+02 4.9999984105e+01 6.9433164568e-01 -6.9433158881e-01 -1.3380436197e-01 1.3380434707e-01
2.7000000000e+01 8.3836005158e+02 2.3863003309e+02 4.9999968393e+01 6.8190210586e-01 -6.8190204258e-01 -1.8710843581e-01 1.8710840601e-01
2.8000000000e+01 8.3835999371e+02 2.3862999557e+02 5.1416010441e+01 6.6735351475e-01 -6.6735352721e-01 -2.3375046849e-01 2.3375045359e-01
2.9000000000e+01 8.3835999386e+02 2.3863002305e+02 4.9999985289e+01 6.5559589810e-01 -6.5559588291e-01 -2.6494157139e-01 2.6494154159e-01
3.0000000000e+01 8.5664905628e+02 2.8516500982e+02 5.0742976607e+01 6.3943016291e-01 -6.3943014268e-01 -3.0187594918e-01 3.0187591938e-01
3.1000000000e+01 8.5664895097e+02 2.8516497946e+02 5.0000014345e+01 6.2448471835e-01 -6.2448472925e-01 -3.3169087963e-01 3.3169084983e-01
3.2000000000e+01 8.6769905791e+02 3.3392898741e+02 4.9999857003e+01 6.1472683277e-01 -6.1472672763e-01 -3.4944383830e-01 3.4944380849e-01
3.3000000000e+01 8.7171821303e+02 3.8376700405e+02 4.8849828799e+01 5.8831773533e-01 -5.8831763225e-01 -3.9227836371e-01 3.9227833391e-01
3.4000000000e+01 8.7573718252e+02 4.3360501625e+02 4.9999824105e+01 5.8831773533e-01 -5.8831763225e-01 -3.9227836371e-01 3.9227833391e-01
3.5000000000e+01 8.7513802289e+02 4.8360199163e+02 5.0615985140e+01 5.6956273267e-01 -5.6956272357e-01 -4.1904452177e-01 4.1904449197e-01
3.6000000000e+01 8.6932591808e+02 5.3326301627e+02 4.9710031374e+01 5.4689354020e-01 -5.4689355412e-01 -4.4822701997e-01 4.4822699017e-01
3.7000000000e+01 8.6932628237e+02 5.3326307485e+02 5.0245728990e+01 5.2578899565e-01 -5.2578888078e-01 -4.7280652125e-01 4.7280649145e-01
3.8000000000e+01 8.6932598199e+02 5.3326305327e+02 5.0000014416e+01 5.1473271929e-01 -5.1473272427e-01 -4.8481980114e-01 4.8481977134e-01
3.9000000000e+01 8.6932608575e+02 5.3326299475e+02 4.9172010221e+01 4.8687216713e-01 -4.8687214130e-01 -5.1279187342e-01 5.1279187342e-01
4.0000000000e+01 8.6932609934e+02 5.3326299218e+02 4.9999915802e+01 4.7877462758e-01 -4.7877456595e-01 -5.2036034197e-01 5.2036034197e-01
4.1000000000e+01 8.4764209154e+02 5.7831608492e+02 4.7550957815e+01 4.6529268924e-01 -4.6529264637e-01 -5.3244977700e-01 5.3244971739e-01
4.2000000000e+01 8.4764216884e+02 5.7831603420e+02 4.9999903222e+01 4.3289386489e-01 -4.3289380487e-01 -5.5910907795e-01 5.5910901834e-01
4.3000000000e+01 8.4764212059e+02 5.7831601365e+02 4.9999858842e+01 4.2334966424e-01 -4.2334956335e-01 -5.6637011265e-01 5.6637011265e-01
4.4000000000e+01 8.4764207258e+02 5.7831600976e+02 4.9999976619e+01 3.8301730023e-01 -3.8301723466e-01 -5.9438860038e-01 5.9438854078e-01
4.5000000000e+01 8.4764202825e+02 5.7831597979e+02 4.9999968867e+01 3.7421771254e-01 -3.7421767549e-01 -5.9996759703e-01 5.9996759703e-01
4.6000000000e+01 8.4764192870e+02 5.7831602810e+02 4.8810100458e+01 3.5425234614e-01 -3.5425236982e-01 -6.1196835447e-01 6.1196835447e-01
4.7000000000e+01 8.4764200262e+02 5.7831607686e+02 5.1733040931e+01 3.1191533917e-01 -3.1191531770e-01 -6.3459343511e-01 6.3459343511e-01
4.8000000000e+01 8.4764238502e+02 5.7831612286e+02 4.9999775445e+01 2.6910554194e-01 -2.6910547203e-01 -6.5389771839e-01 6.5389771839e-01
4.9000000000e+01 8.0023129834e+02 5.9419799012e+02 4.9999810496e+01 2.2155309770e-01 -2.2155303919e-01 -6.7150148016e-01 6.7150148016e-01
5.0000000000e+01 7.5288441880e+02 6.1026611497e+02 4.9999752192e+01 2.2287872850e-01 -2.2287866139e-01 -6.7106265530e-01 6.7106265530e-01
5.1000000000e+01 7.0553635623e+02 6.2633413953e+02 4.9999750926e+01 2.2287872850e-01 -2.2287866139e-01 -6.7106265530e-01 6.7106265530e-01
5.2000000000e+01 6.5637874593e+02 6.3547696848e+02 4.9140172623e+01 1.7427317276e-01 -1.7427316414e-01 -6.8529472693e-01 6.8529472693e-01
5.3000000000e+01 6.0722175849e+02 6.4461991226e+02 5.0050171752e+01 1.7427317276e-01 -1.7427316414e-01 -6.8529472693e-01 6.8529472693e-01
5.4000000000e+01 5.5806481658e+02 6.5376293974e+02 5.0160172336e+01 1.7427317276e-01 -1.7427316414e-01 -6.8529472693e-01 6.8529472693e-01
5.5000000000e+01 5.0890782910e+02 6.6290588340e+02 5.0000169872e+01 1.7427317276e-01 -1.7427316414e-01 -6.8529472693e-01 6.8529472693e-01
5.6000000000e+01 4.5975079974e+02 6.7204884986e+02 5.0000170097e+01 1.7427317276e-01 -1.7427316414e-01 -6.8529472693e-01 6.8529472693e-01
5.7000000000e+01 4.1148302894e+02 6.8509501458e+02 4.9999919279e+01 2.0156209600e-01 -2.0156203861e-01 -6.7777041321e-01 6.7777041321e-01
5.8000000000e+01 3.6321504245e+02 6.9814004695e+02 5.1158917985e+01 2.0156209600e-01 -2.0156203861e-01 -6.7777041321e-01 6.7777041321e-01
5.9000000000e+01 3.6321497181e+02 6.9813999605e+02 5.0000040542e+01 2.3505127297e-01 -2.3505124967e-01 -6.6689647214e-01 6.6689647214e-01
6.0000000000e+01 3.6321497698e+02 6.9814002272e+02 5.1141964321e+01 2.4132284937e-01 -2.4132281311e-01 -6.6465275981e-01 6.6465275981e-01
6.1000000000e+01 3.6321496489e+02 6.9813995712e+02 5.0000016923e+01 2.8233298967e-01 -2.8233296265e-01 -6.4829629844e-01 6.4829629844e-01
6.2000000000e+01 3.6321501764e+02 6.9814002931e+02 4.8789916395e+01 2.9729940862e-01 -2.9729935920e-01 -6.4157078824e-01 6.4157078824e-01
6.3000000000e+01 3.2442705413e+02 7.2969207627e+02 4.7770897319e+01 3.3808969708e-01 -3.3808963931e-01 -6.2104377966e-01 6.2104377966e-01
6.4000000000e+01 3.2442700149e+02 7.2969200092e+02 5.0000028320e+01 3.4063625580e-01 -3.4063623295e-01 -6.1965066692e-01 6.1965066692e-01
6.5000000000e+01 3.2442704522e+02 7.2969216105e+02 4.9999855011e+01 3.5650198194e-01 -3.5650194110e-01 -6.1066058611e-01 6.1066058611e-01
6.6000000000e+01 2.9262198056e+02 7.6827210627e+02 4.9999944110e+01 3.9795165468e-01 -3.9795157845e-01 -5.8449512035e-01 5.8449506074e-01
6.7000000000e+01 2.6081599203e+02 8.0685201492e+02 4.9911943723e+01 3.9795165468e-01 -3.9795157845e-01 -5.8449512035e-01 5.8449506074e-01
6.8000000000e+01 2.6081598349e+02 8.0685208449e+02 5.0596886064e+01 3.9993666499e-01 -3.9993659790e-01 -5.8313868469e-01 5.8313862509e-01
6.9000000000e+01 2.6081600481e+02 8.0685193951e+02 4.9877026551e+01 4.1431987667e-01 -4.1431982586e-01 -5.7300877903e-01 5.7300877903e-01
7.0000000000e+01 2.6081598133e+02 8.0685185690e+02 4.7671015297e+01 4.4522312333e-01 -4.4522309892e-01 -5.4934180076e-01 5.4934174116e-01
7.1000000000e+01 2.6081601389e+02 8.0685204614e+02 4.9675935956e+01 4.4897290349e-01 -4.4897285017e-01 -5.4628138891e-01 5.4628138891e-01
7.2000000000e+01 2.6081597659e+02 8.0685204337e+02 4.9209950658e+01 4.6059989336e-01 -4.6059984476e-01 -5.3651445519e-01 5.3651445519e-01
7.3000000000e+01 2.6081600860e+02 8.0685191197e+02 4.9999993459e+01 4.9359843082e-01 -4.9359839831e-01 -5.0632065447e-01 5.0632065447e-01
7.4000000000e+01 2.6081600676e+02 8.0685194107e+02 4.9999972222e+01 5.1855873735e-01 -5.1855872351e-01 -4.8072534510e-01 4.8072531530e-01
7.5000000000e+01 2.6081600110e+02 8.0685207776e+02 4.9999963813e+01 5.4869543927e-01 -5.4869541755e-01 -4.4601943919e-01 4.4601940938e-01
7.6000000000e+01 2.6081600130e+02 8.0685200676e+02 4.9999987034e+01 5.6352943146e-01 -5.6352942218e-01 -4.2712363296e-01 4.2712360316e-01
7.7000000000e+01 2.6081591489e+02 8.0685219714e+02 4.9999888249e+01 5.8545039391e-01 -5.8545028696e-01 -3.9654495191e-01 3.9654495191e-01
7.8000000000e+01 2.6081597490e+02 8.0685196095e+02 4.9999983353e+01 6.0660403795e-01 -6.0660402132e-01 -3.6336147575e-01 3.6336144595e-01
7.9000000000e+01 2.6081600735e+02 8.0685190449e+02 5.0061008865e+01 6.1260312686e-01 -6.1260314547e-01 -3.5315350424e-01 3.5315350424e-01
8.0000000000e+01 2.6081600507e+02 8.0685199376e+02 4.9480009246e+01 6.2695807339e-01 -6.2695808463e-01 -3.2699170771e-01 3.2699167791e-01
8.1000000000e+01 2.6081597190e+02 8.0685217048e+02 5.0016922782e+01 6.2946538999e-01 -6.2946529013e-01 -3.2213878261e-01 3.2213875280e-01
8.2000000000e+01 2.6081602237e+02 8.0685203478e+02 4.8680985910e+01 6.3931387222e-01 -6.3931385318e-01 -3.0212215073e-01 3.0212212093e-01
8.3000000000e+01 2.6081598204e+02 8.0685204900e+02 4.9999978341e+01 6.5681558471e-01 -6.5681553129e-01 -2.6190328477e-01 2.6190325497e-01
8.4000000000e+01 2.6081593474e+02 8.0685208912e+02 4.9316986257e+01 6.7023670682e-01 -6.7023665300e-01 -2.2535038554e-01 2.2535037064e-01
8.5000000000e+01 2.6081596303e+02 8.0685194285e+02 5.0378999880e+01 6.7935723221e-01 -6.7935723017e-01 -1.9614728719e-01 1.9614725739e-01
8.6000000000e+01 2.9527802208e+02 8.4307909358e+02 4.9999992610e+01 6.8545472508e-01 -6.8545466717e-01 -1.7364291563e-01 1.7364290073e-01
8.7000000000e+01 2.9527797564e+02 8.4307912282e+02 4.9999995012e+01 6.8799030642e-01 -6.8799025051e-01 -1.6330762130e-01 1.6330760639e-01
8.8000000000e+01 2.9527798830e+02 8.4307908038e+02 5.0000000818e+01 6.9728815439e-01 -6.9728810480e-01 -1.1742770947e-01 1.1742768712e-01
8.9000000000e+01 2.9527801079e+02 8.4307899725e+02 4.9951994859e+01 6.9910049422e-01 -6.9910046893e-01 -1.0610616870e-01 1.0610614635e-01
9.0000000000e+01 2.9527799879e+02 8.4307901547e+02 4.9999995341e+01 7.0151180003e-01 -7.0151177130e-01 -8.8776216180e-02 8.8776193829e-02
9.1000000000e+01 2.9527800594e+02 8.4307917617e+02 4.9286006336e+01 7.0612174270e-01 -7.0612165743e-01 -3.7311470147e-02 3.7311440345e-02
9.2000000000e+01 3.4352100930e+02 8.5621522318e+02 5.1763011845e+01 7.0690047739e-01 -7.0690039046e-01 1.7081452186e-02 -1.7081481988e-02
9.3000000000e+01 3.9302299824e+02 8.6325989190e+02 4.9999992981e+01 7.0446920419e-01 -7.0446923127e-01 6.1017370114e-02 -6.1017399916e-02
9.4000000000e+01 4.4302307458e+02 8.6327639005e+02 5.0000029484e+01 6.9841891463e-01 -6.9841879580e-01 1.1050384702e-01 -1.1050386938e-01
9.5000000000e+01 4.9302309703e+02 8.6329243179e+02 5.0000030694e+01 6.9841891463e-01 -6.9841879580e-01 1.1050384702e-01 -1.1050386938e-01
9.6000000000e+01 5.4302309041e+02 8.6330737987e+02 5.0985034538e+01 6.9841891463e-01 -6.9841879580e-01 1.1050384702e-01 -1.1050386938e-01
9.7000000000e+01 5.9302309021e+02 8.6332342913e+02 5.0000036093e+01 6.9841891463e-01 -6.9841879580e-01 1.1050384702e-01 -1.1050386938e-01
9.8000000000e+01 6.4302311263e+02 8.6333947070e+02 5.1044039602e+01 6.9841891463e-01 -6.9841879580e-01 1.1050384702e-01 -1.1050386938e-01
