0.0000000000e+00 1.8470898867e+02 3.2724099159e+02 5.0300002098e+01 6.1844992553e-01 -6.1844993578e-01 3.4281141002e-01 -3.4281146963e-01
1.0000000000e+00 2.2301197052e+02 2.9510197639e+02 5.0104993582e+01 6.1844992553e-01 -6.1844993578e-01 3.4281141002e-01 -3.4281146963e-01
2.0000000000e+00 2.6131398678e+02 2.6296198368e+02 5.0000000000e+01 6.1844992553e-01 -6.1844993578e-01 3.4281141002e-01 -3.4281146963e-01
3.0000000000e+00 3.0034599304e+02 2.3171303272e+02 5.0000000000e+01 6.2235469080e-01 -6.2235468989e-01 3.3567040292e-01 -3.3567046253e-01
4.0000000000e+00 3.0034599304e+02 2.3171298504e+02 4.9999985099e+01 6.3666629672e-01 -6.3666632333e-01 3.0766213830e-01 -3.0766219791e-01
5.0000000000e+00 3.0034599304e+02 2.3171298504e+02 4.9999985099e+01 6.3865721539e-01 -6.3865724456e-01 3.0350771581e-01 -3.0350774561e-01
6.0000000000e+00 3.0034601688e+02 2.3171305656e+02 5.0191020966e+01 6.5735673744e-01 -6.5735669218e-01 2.6054200039e-01 -2.6054205999e-01
7.0000000000e+00 3.4816803932e+02 2.1711907387e+02 5.0000029802e+01 6.7443257322e-01 -6.7443249315e-01 2.1246352317e-01 -2.1246356788e-01
8.0000000000e+00 3.4816799164e+02 2.1711907387e+02 5.0000029802e+01 6.8243199345e-01 -6.8243191650e-01 1.8516646172e-01 -1.8516650642e-01
9.0000000000e+00 3.9804100990e+02 2.1354994774e+02 5.2208983898e+01 6.9400531154e-01 -6.9400535824e-01 1.3548649787e-01 -1.3548652768e-01
1.0000000000e+01 4.4791302681e+02 2.0998096466e+02 4.9999985099e+01 6.9400531154e-01 -6.9400535824e-01 1.3548649787e-01 -1.3548652768e-01
1.1000000000e+01 4.9778599739e+02 2.0641198158e+02 4.9567979574e+01 6.9400531154e-01 -6.9400535824e-01 1.3548649787e-01 -1.3548652768e-01
1.2000000000e+01 5.4778499603e+02 2.0616097450e+02 4.9999997020e+01 6.9812130943e-01 -6.9812132119e-01 1.1236826329e-01 -1.1236828564e-01
1.3000000000e+01 5.9778399467e+02 2.0591001511e+02 5.0028997660e+01 6.9812130943e-01 -6.9812132119e-01 1.1236826329e-01 -1.1236828564e-01
1.4000000000e+01 6.4778394699e+02 2.0565898418e+02 4.9999994040e+01 6.9812130943e-01 -6.9812132119e-01 1.1236826329e-01 -1.1236828564e-01
1.5000000000e+01 6.9778294563e+02 2.0540800095e+02 4.9999994040e+01 6.9812130943e-01 -6.9812132119e-01 1.1236826329e-01 -1.1236828564e-01
1.6000000000e+01 7.4778294563e+02 2.0515697002e+02 4.9754998088e+01 6.9812130943e-01 -6.9812132119e-01 1.1236826329e-01 -1.1236828564e-01
1.7000000000e+01 7.9757499695e+02 2.0970604420e+02 4.8543027043e+01 7.0271360832e-01 -7.0271354715e-01 7.8699589073e-02 -7.8699618876e-02
1.8000000000e+01 7.9757504463e+02 2.0970609188e+02 5.0020021200e+01 7.0545893882e-01 -7.0545884798e-01 4.8246741971e-02 -4.8246775499e-02
1.9000000000e+01 7.9757494926e+02 2.0970604420e+02 5.0000023842e+01 7.0604866733e-01 -7.0604859769e-01 3.8669463125e-02 -3.8669492927e-02
2.0000000000e+01 7.9757499695e+02 2.0970599651e+02 5.0000000000e+01 7.0650821922e-01 -7.0650820219e-01 2.9088610919e-02 -2.9088642584e-02
2.1000000000e+01 7.9757504463e+02 2.0970602036e+02 5.0000000000e+01 7.0691227911e-01 -7.0691226686e-01 -1.6584292632e-02 1.6584264692e-02
2.2000000000e+01 7.9757499695e+02 2.0970604420e+02 5.0000000000e+01 7.0579594355e-01 -7.0579584508e-01 -4.3036691888e-02 4.3036662085e-02
2.3000000000e+01 7.9757494926e+02 2.0970602036e+02 5.0000000000e+01 7.0388066736e-01 -7.0388060213e-01 -6.7468911663e-02 6.7468881861e-02
2.4000000000e+01 7.9757494926e+02 2.0970597267e+02 5.0888001919e+01 7.0175021866e-01 -7.0175021385e-01 -8.6871379471e-02 8.6871349668e-02
2.5000000000e+01 8.3836002350e+02 2.3863005638e+02 4.9999967217e+01 6.9902342434e-01 -6.9902330435e-01 -1.0661303148e-01 1.0661300913e-01
2.6000000000e+01 8.3835992813e+02 2.3863000870e+02 4.9999985099e+01 6.9433164568e-01 -6.9433158881e-01 -1.3380436197e-01 1.3380434707e-01
2.7000000000e+01 8.3836002350e+02 2.3863005638e+02 4.9999967217e+01 6.8190210586e-01 -6.8190204258e-01 -1.8710843581e-01 1.8710840601e-01
2.8000000000e+01 8.3836002350e+02 2.3862998486e+02 5.1416009665e+01 6.6735351475e-01 -6.6735352721e-01 -2.3375046849e-01 2.3375045359e-01
2.9000000000e+01 8.3836002350e+02 2.3863000870e+02 4.9999985099e+01 6.5559589810e-01 -6.5559588291e-01 -2.6494157139e-01 2.6494154159e-01
3.0000000000e+01 8.5664901733e+02 2.8516502380e+02 5.0742977858e+01 6.3943016291e-01 -6.3943014268e-01 -3.0187594918e-01 3.0187591938e-01
3.1000000000e+01 8.5664892197e+02 2.8516497612e+02 5.0000011921e+01 6.2448471835e-01 -6.2448472925e-01 -3.3169087963e-01 3.3169084983e-01
3.2000000000e+01 8.6769905090e+02 3.3392899036e+02 4.9999856949e+01 6.1472683277e-01 -6.1472672763e-01 -3.4944383830e-01 3.4944380849e-01
3.3000000000e+01 8.7171821594e+02 3.8376700878e+02 4.8849830031e+01 5.8831773533e-01 -5.8831763225e-01 -3.9227836371e-01 3.9227833391e-01
3.4000000000e+01 8.7573719025e+02 4.3360500336e+02 4.9999824166e+01 5.8831773533e-01 -5.8831763225e-01 -3.9227836371e-01 3.9227833391e-01
3.5000000000e+01 8.7513799667e+02 4.8360199928e+02 5.0615984201e+01 5.6956273267e-01 -5.6956272357e-01 -4.1904452177e-01 4.1904449197e-01
3.6000000000e+01 8.6932592392e+02 5.3326301575e+02 4.9710032344e+01 5.4689354020e-01 -5.4689355412e-01 -4.4822701997e-01 4.4822699017e-01
3.7000000000e+01 8.6932630539e+02 5.3326306343e+02 5.0245726109e+01 5.2578899565e-01 -5.2578888078e-01 -4.7280652125e-01 4.7280649145e-01
3.8000000000e+01 8.6932601929e+02 5.3326301575e+02 5.0000011921e+01 5.1473271929e-01 -5.1473272427e-01 -4.8481980114e-01 4.8481977134e-01
3.9000000000e+01 8.6932611465e+02 5.3326301575e+02 4.9172011018e+01 4.8687216713e-01 -4.8687214130e-01 -5.1279187342e-01 5.1279187342e-01
4.0000000000e+01 8.6932611465e+02 5.3326301575e+02 4.9999913573e+01 4.7877462758e-01 -4.7877456595e-01 -5.2036034197e-01 5.2036034197e-01
4.1000000000e+01 8.4764213562e+02 5.7831606865e+02 4.7550955415e+01 4.6529268924e-01 -4.6529264637e-01 -5.3244977700e-01 5.3244971739e-01
4.2000000000e+01 8.4764213562e+02 5.7831602097e+02 4.9999904633e+01 4.3289386489e-01 -4.3289380487e-01 -5.5910907795e-01 5.5910901834e-01
4.3000000000e+01 8.4764213562e+02 5.7831602097e+02 4.9999862909e+01 4.2334966424e-01 -4.2334956335e-01 -5.6637011265e-01 5.6637011265e-01
4.4000000000e+01 8.4764204025e+02 5.7831597328e+02 4.9999976158e+01 3.8301730023e-01 -3.8301723466e-01 -5.9438860038e-01 5.9438854078e-01
4.5000000000e+01 8.4764204025e+02 5.7831602097e+02 4.9999970198e+01 3.7421771254e-01 -3.7421767549e-01 -5.9996759703e-01 5.9996759703e-01
4.6000000000e+01 8.4764194489e+02 5.7831602097e+02 4.8810100555e+01 3.5425234614e-01 -3.5425236982e-01 -6.1196835447e-01 6.1196835447e-01
4.7000000000e+01 8.4764194489e+02 5.7831606865e+02 5.1733040810e+01 3.1191533917e-01 -3.1191531770e-01 -6.3459343511e-01 6.3459343511e-01
4.8000000000e+01 8.4764242172e+02 5.7831611633e+02 4.9999773502e+01 2.6910554194e-01 -2.6910547203e-01 -6.5389771839e-01 6.5389771839e-01
4.9000000000e+01 8.0023126602e+02 5.9419794083e+02 4.9999809265e+01 2.2155309770e-01 -2.2155303919e-01 -6.7150148016e-01 6.7150148016e-01
5.0000000000e+01 7.5288438797e+02 6.1026611328e+02 4.9999752641e+01 2.2287872850e-01 -2.2287866139e-01 -6.7106265530e-01 6.7106265530e-01
5.1000000000e+01 7.0553636551e+02 6.2633409500e+02 4.9999749660e+01 2.2287872850e-01 -2.2287866139e-01 -6.7106265530e-01 6.7106265530e-01
5.2000000000e+01 6.5637874603e+02 6.3547697067e+02 4.9140173197e+01 1.7427317276e-01 -1.7427316414e-01 -6.8529472693e-01 6.8529472693e-01
5.3000000000e+01 6.0722179413e+02 6.4461989403e+02 5.0050169230e+01 1.7427317276e-01 -1.7427316414e-01 -6.8529472693e-01 6.8529472693e-01
5.4000000000e+01 5.5806484222e+02 6.5376296043e+02 5.0160175562e+01 1.7427317276e-01 -1.7427316414e-01 -6.8529472693e-01 6.8529472693e-01
5.5000000000e+01 5.0890779495e+02 6.6290588379e+02 5.0000166893e+01 1.7427317276e-01 -1.7427316414e-01 -6.8529472693e-01 6.8529472693e-01
5.6000000000e+01 4.5975079536e+02 6.7204885483e+02 5.0000166893e+01 1.7427317276e-01 -1.7427316414e-01 -6.8529472693e-01 6.8529472693e-01
5.7000000000e+01 4.1148304939e+02 6.8509502411e+02 4.9999919534e+01 2.0156209600e-01 -2.0156203861e-01 -6.7777041321e-01 6.7777041321e-01
5.8000000000e+01 3.6321506500e+02 6.9814004898e+02 5.1158916950e+01 2.0156209600e-01 -2.0156203861e-01 -6.7777041321e-01 6.7777041321e-01
5.9000000000e+01 3.6321496964e+02 6.9814000130e+02 5.0000041723e+01 2.3505127297e-01 -2.3505124967e-01 -6.6689647214e-01 6.6689647214e-01
6.0000000000e+01 3.6321496964e+02 6.9814004898e+02 5.1141965389e+01 2.4132284937e-01 -2.4132281311e-01 -6.6465275981e-01 6.6465275981e-01
6.1000000000e+01 3.6321496964e+02 6.9813995361e+02 5.0000017881e+01 2.8233298967e-01 -2.8233296265e-01 -6.4829629844e-01 6.4829629844e-01
6.2000000000e+01 3.6321501732e+02 6.9814004898e+02 4.8789918423e+01 2.9729940862e-01 -2.9729935920e-01 -6.4157078824e-01 6.4157078824e-01
6.3000000000e+01 3.2442705631e+02 7.2969207764e+02 4.7770896554e+01 3.3808969708e-01 -3.3808963931e-01 -6.2104377966e-01 6.2104377966e-01
6.4000000000e+01 3.2442700863e+02 7.2969198227e+02 5.0000029802e+01 3.4063625580e-01 -3.4063623295e-01 -6.1965066692e-01 6.1965066692e-01
6.5000000000e+01 3.2442705631e+02 7.2969217300e+02 4.9999853969e+01 3.5650198194e-01 -3.5650194110e-01 -6.1066058611e-01 6.1066058611e-01
6.6000000000e+01 2.9262197018e+02 7.6827211380e+02 4.9999943376e+01 3.9795165468e-01 -3.9795157845e-01 -5.8449512035e-01 5.8449506074e-01
6.7000000000e+01 2.6081597805e+02 8.0685195923e+02 4.9911943078e+01 3.9795165468e-01 -3.9795157845e-01 -5.8449512035e-01 5.8449506074e-01
6.8000000000e+01 2.6081600189e+02 8.0685214996e+02 5.0596886873e+01 3.9993666499e-01 -3.9993659790e-01 -5.8313868469e-01 5.8313862509e-01
6.9000000000e+01 2.6081600189e+02 8.0685195923e+02 4.9877026677e+01 4.1431987667e-01 -4.1431982586e-01 -5.7300877903e-01 5.7300877903e-01
7.0000000000e+01 2.6081595421e+02 8.0685186386e+02 4.7671014071e+01 4.4522312333e-01 -4.4522309892e-01 -5.4934180076e-01 5.4934174116e-01
7.1000000000e+01 2.6081600189e+02 8.0685205460e+02 4.9675935507e+01 4.4897290349e-01 -4.4897285017e-01 -5.4628138891e-01 5.4628138891e-01
7.2000000000e+01 2.6081597805e+02 8.0685205460e+02 4.9209949374e+01 4.6059989336e-01 -4.6059984476e-01 -5.3651445519e-01 5.3651445519e-01
7.3000000000e+01 2.6081600189e+02 8.0685186386e+02 4.9999997020e+01 4.9359843082e-01 -4.9359839831e-01 -5.0632065447e-01 5.0632065447e-01
7.4000000000e+01 2.6081600189e+02 8.0685195923e+02 4.9999973178e+01 5.1855873735e-01 -5.1855872351e-01 -4.8072534510e-01 4.8072531530e-01
7.5000000000e+01 2.6081600189e+02 8.0685214996e+02 4.9999964237e+01 5.4869543927e-01 -5.4869541755e-01 -4.4601943919e-01 4.4601940938e-01
7.6000000000e+01 2.6081600189e+02 8.0685195923e+02 4.9999988079e+01 5.6352943146e-01 -5.6352942218e-01 -4.2712363296e-01 4.2712360316e-01
7.7000000000e+01 2.6081590652e+02 8.0685214996e+02 4.9999889731e+01 5.8545039391e-01 -5.8545028696e-01 -3.9654495191e-01 3.9654495191e-01
7.8000000000e+01 2.6081597805e+02 8.0685195923e+02 4.9999982119e+01 6.0660403795e-01 -6.0660402132e-01 -3.6336147575e-01 3.6336144595e-01
7.9000000000e+01 2.6081600189e+02 8.0685186386e+02 5.0061005354e+01 6.1260312686e-01 -6.1260314547e-01 -3.5315350424e-01 3.5315350424e-01
8.0000000000e+01 2.6081600189e+02 8.0685195923e+02 4.9480009079e+01 6.2695807339e-01 -6.2695808463e-01 -3.2699170771e-01 3.2699167791e-01
8.1000000000e+01 2.6081597805e+02 8.0685214996e+02 5.0016921759e+01 6.2946538999e-01 -6.2946529013e-01 -3.2213878261e-01 3.2213875280e-01
8.2000000000e+01 2.6081602573e+02 8.0685205460e+02 4.8680984974e+01 6.3931387222e-01 -6.3931385318e-01 -3.0212215073e-01 3.0212212093e-01
8.3000000000e+01 2.6081600189e+02 8.0685205460e+02 4.9999979138e+01 6.5681558471e-01 -6.5681553129e-01 -2.6190328477e-01 2.6190325497e-01
8.4000000000e+01 2.6081595421e+02 8.0685205460e+02 4.9316987395e+01 6.7023670682e-01 -6.7023665300e-01 -2.2535038554e-01 2.2535037064e-01
8.5000000000e+01 2.6081595421e+02 8.0685195923e+02 5.0378996134e+01 6.7935723221e-01 -6.7935723017e-01 -1.9614728719e-01 1.9614725739e-01
8.6000000000e+01 2.9527804852e+02 8.4307909012e+02 4.9999994040e+01 6.8545472508e-01 -6.8545466717e-01 -1.7364291563e-01 1.7364290073e-01
8.7000000000e+01 2.9527797699e+02 8.4307909012e+02 4.9999994040e+01 6.8799030642e-01 -6.8799025051e-01 -1.6330762130e-01 1.6330760639e-01
8.8000000000e+01 2.9527800083e+02 8.4307909012e+02 5.0000000000e+01 6.9728815439e-01 -6.9728810480e-01 -1.1742770947e-01 1.1742768712e-01
8.9000000000e+01 2.9527800083e+02 8.4307899475e+02 4.9951997399e+01 6.9910049422e-01 -6.9910046893e-01 -1.0610616870e-01 1.0610614635e-01
9.0000000000e+01 2.9527800083e+02 8.4307899475e+02 4.9999994040e+01 7.0151180003e-01 -7.0151177130e-01 -8.8776216180e-02 8.8776193829e-02
9.1000000000e+01 2.9527800083e+02 8.4307918549e+02 4.9286004901e+01 7.0612174270e-01 -7.0612165743e-01 -3.7311470147e-02 3.7311440345e-02
9.2000000000e+01 3.4352102280e+02 8.5621528625e+02 5.1763010025e+01 7.0690047739e-01 -7.0690039046e-01 1.7081452186e-02 -1.7081481988e-02
9.3000000000e+01 3.9302301407e+02 8.6325988770e+02 4.9999991059e+01 7.0446920419e-01 -7.0446923127e-01 6.1017370114e-02 -6.1017399916e-02
9.4000000000e+01 4.4302306175e+02 8.6327638626e+02 5.0000029802e+01 6.9841891463e-01 -6.9841879580e-01 1.1050384702e-01 -1.1050386938e-01
9.5000000000e+01 4.9302310944e+02 8.6329240799e+02 5.0000029802e+01 6.9841891463e-01 -6.9841879580e-01 1.1050384702e-01 -1.1050386938e-01
9.6000000000e+01 5.4302310944e+02 8.6330738068e+02 5.0985032320e+01 6.9841891463e-01 -6.9841879580e-01 1.1050384702e-01 -1.1050386938e-01
9.7000000000e+01 5.9302310944e+02 8.6332340240e+02 5.0000035763e+01 6.9841891463e-01 -6.9841879580e-01 1.1050384702e-01 -1.1050386938e-01
9.8000000000e+01 6.4302310944e+02 8.6333942413e+02 5.1044040918e+01 6.9841891463e-01 -6.9841879580e-01 1.1050384702e-01 -1.1050386938e-01
9.9000000000e+01 6.4302301407e+02 8.6333904266e+02 5.0000011921e+01 6.8928366826e-01 -6.8928363672e-01 1.5775944254e-01 -1.5775947234e-01
