0.0000000000e+00 1.8470898867e+02 3.2724099159e+02 5.0300002098e+01 -6.1844993578e-01 3.4281141002e-01 -3.4281146963e-01 6.1844992553e-01
1.0000000000e+00 1.3878822081e+02 3.5040795808e+02 3.7544411346e+01 -6.4898343846e-01 2.7573124472e-01 -3.2845544586e-01 6.2841848904e-01
2.0000000000e+00 1.5073902975e+02 3.4524317695e+02 3.9273194754e+01 -6.4506744779e-01 3.0727022305e-01 -3.1463460568e-01 6.2488243913e-01
3.0000000000e+00 1.5023364543e+02 3.4470206488e+02 4.5473381152e+01 -6.3965401406e-01 3.0963899055e-01 -3.1136974276e-01 6.3088455451e-01
4.0000000000e+00 1.2211254496e+02 3.5259556158e+02 6.4979892767e+01 -6.3365078752e-01 2.9170680994e-01 -2.7759358199e-01 6.6055705261e-01
5.0000000000e+00 1.1978416727e+02 3.5368213943e+02 6.3389176243e+01 -6.3700550371e-01 2.9473923195e-01 -2.6837877039e-01 6.5979209528e-01
6.0000000000e+00 1.2152349753e+02 3.5308233849e+02 6.3422329994e+01 -6.3679237895e-01 3.0000248695e-01 -2.6502708850e-01 6.5897998172e-01
7.0000000000e+00 1.2182405091e+02 3.5319986790e+02 6.2179128970e+01 -6.3793701629e-01 3.0059770553e-01 -2.6477027379e-01 6.5770364511e-01
8.0000000000e+00 6.5100599192e+01 3.6517502650e+02 7.6593747482e+01 -6.4859271384e-01 2.6485758688e-01 -1.9163400399e-01 6.8735315431e-01
9.0000000000e+00 5.5223652086e+01 3.6447148093e+02 8.6996425144e+01 -6.4311407362e-01 2.6248249037e-01 -1.7299312011e-01 6.9826972651e-01
1.0000000000e+01 5.2505490233e+01 3.6289976147e+02 9.4891658045e+01 -6.3741238412e-01 2.6595869775e-01 -1.6138342199e-01 7.0493036165e-01
1.1000000000e+01 3.8026792432e+01 3.6457047559e+02 9.5392984725e+01 -6.4327120061e-01 2.5812056207e-01 -1.3976441059e-01 7.0713637117e-01
1.2000000000e+01 3.6895958882e+01 3.6256307515e+02 1.0317070757e+02 -6.3510520045e-01 2.5479567818e-01 -1.4190150704e-01 7.1525136075e-01
1.3000000000e+01 4.0465849397e+01 3.6565665282e+02 9.0084501606e+01 -6.4633191366e-01 2.5421946822e-01 -1.5161726334e-01 7.0330628095e-01
1.4000000000e+01 4.4081833647e+01 3.6466759753e+02 9.2367880779e+01 -6.4360751022e-01 2.6103218049e-01 -1.4951136596e-01 7.0375984894e-01
1.5000000000e+01 2.5032694037e+01 3.6466282618e+02 9.9256624865e+01 -6.4439633657e-01 2.4881781809e-01 -1.2348456913e-01 7.1245674676e-01
1.6000000000e+01 1.7118736218e+01 3.6562307227e+02 9.7386898707e+01 -6.4976307939e-01 2.4482314305e-01 -1.1120453928e-01 7.1098742586e-01
1.7000000000e+01 -1.0707195724e+00 3.6394516102e+02 1.0488214089e+02 -6.4902431416e-01 2.3203743423e-01 -8.7147010731e-02 7.1925758061e-01
1.8000000000e+01 -4.8869507255e+00 3.6608485338e+02 9.7033437456e+01 -6.5816759920e-01 2.2853722305e-01 -8.4546470993e-02 7.1234685602e-01
1.9000000000e+01 -1.4086076084e+00 3.6540601601e+02 9.9669200041e+01 -6.5529289274e-01 2.3476143305e-01 -8.2674795462e-02 7.1319224089e-01
2.0000000000e+01 -7.4503528557e+00 3.6291611348e+02 1.0813823083e+02 -6.4981527805e-01 2.3342604667e-01 -6.8852157026e-02 7.2007761083e-01
2.1000000000e+01 -4.4263693582e+01 3.5880619236e+02 1.1294393255e+02 -6.5406359250e-01 1.9495246095e-01 -3.9697012748e-02 7.2980716776e-01
2.2000000000e+01 -1.5865401287e+01 3.6190073956e+02 1.1060575887e+02 -6.4945945551e-01 2.2426930364e-01 -6.2710874822e-02 7.2385982156e-01
2.3000000000e+01 5.3603948818e+00 3.6258245396e+02 1.0937422178e+02 -6.4436259516e-01 2.4496914993e-01 -8.1173156012e-02 7.1985962540e-01
2.4000000000e+01 2.6387777065e+01 3.6159058120e+02 1.0960577977e+02 -6.3665763924e-01 2.6321126317e-01 -1.0258236608e-01 7.1754006126e-01
2.5000000000e+01 3.6781327179e+01 3.5914271530e+02 1.1454751924e+02 -6.2928779302e-01 2.7933868044e-01 -1.0060606190e-01 7.1822363890e-01
2.6000000000e+01 4.6817143249e+01 3.5683563071e+02 1.1804227167e+02 -6.2237326011e-01 2.9141587025e-01 -1.0453617647e-01 7.1888838040e-01
2.7000000000e+01 6.0544740883e+01 3.5054587158e+02 1.3003621195e+02 -6.0393938155e-01 3.0317855373e-01 -1.1702546441e-01 7.2776715277e-01
2.8000000000e+01 9.7010587972e+01 3.3360162219e+02 1.5085222452e+02 -5.6436571124e-01 3.3700927958e-01 -1.4874803352e-01 7.3877609056e-01
2.9000000000e+01 8.9198492378e+01 3.4260298229e+02 1.3462657846e+02 -5.8489249478e-01 3.2157254839e-01 -1.5755523788e-01 7.2778308079e-01
3.0000000000e+01 1.2459904598e+02 3.2234183756e+02 1.5501066946e+02 -5.4425584946e-01 3.5554246865e-01 -1.8860518420e-01 7.3607282779e-01
3.1000000000e+01 1.5743290955e+02 2.9719186637e+02 1.7421068768e+02 -5.0153028950e-01 3.8814777727e-01 -2.1893124279e-01 7.4153744520e-01
3.2000000000e+01 1.7482888302e+02 2.8519269459e+02 1.7764424776e+02 -4.8515861092e-01 4.0161037484e-01 -2.4403883006e-01 7.3741120041e-01
3.3000000000e+01 1.7963827558e+02 2.7563651748e+02 1.8764884845e+02 -4.6838718842e-01 4.0881347261e-01 -2.4576575808e-01 7.4369629453e-01
3.4000000000e+01 2.0345474150e+02 2.5403188456e+02 1.9373037948e+02 -4.4106523004e-01 4.3695569113e-01 -2.6386386508e-01 7.3817819498e-01
3.5000000000e+01 2.1259048265e+02 1.9401449105e+02 2.4621363507e+02 -3.3508145644e-01 3.7899263700e-01 -4.6383886783e-01 7.2728158463e-01
3.6000000000e+01 2.2387602441e+02 1.8872469152e+02 2.4024988377e+02 -3.3561280318e-01 3.8503758768e-01 -4.8382609573e-01 7.1064928868e-01
3.7000000000e+01 2.2471753000e+02 1.8622389929e+02 2.4141288530e+02 -3.3237304028e-01 3.8616234547e-01 -4.8646289414e-01 7.0976098629e-01
3.8000000000e+01 2.4153572819e+02 1.4614895897e+02 2.5250438402e+02 -2.8843093268e-01 4.1615823924e-01 -5.1334725930e-01 6.9288852520e-01
3.9000000000e+01 2.3339723504e+02 1.6284844090e+02 2.4992720164e+02 -3.0686217570e-01 4.2196099332e-01 -4.6016373859e-01 7.1835496722e-01
4.0000000000e+01 2.1032640207e+02 1.8981192260e+02 2.5137965068e+02 -3.3098872061e-01 4.0419243404e-01 -4.0759455649e-01 7.4896035984e-01
4.1000000000e+01 1.7883278431e+02 2.1681446527e+02 2.5390512609e+02 -3.5736769429e-01 3.8351686898e-01 -3.3724147619e-01 7.8196632218e-01
4.2000000000e+01 1.7790868679e+02 2.0642095819e+02 2.6305204301e+02 -3.4249229860e-01 3.9574410424e-01 -3.1161842903e-01 7.9308233119e-01
4.3000000000e+01 1.7441185581e+02 2.1324184015e+02 2.5993443848e+02 -3.5142552521e-01 3.8949070663e-01 -3.1074239738e-01 7.9261355789e-01
4.4000000000e+01 2.1146294001e+02 1.7476702006e+02 2.6114632651e+02 -3.1222715634e-01 4.4038691252e-01 -3.3427571438e-01 7.7254987988e-01
4.5000000000e+01 2.0178222256e+02 1.8923981526e+02 2.5870778327e+02 -3.2928243966e-01 4.3242245848e-01 -3.0889852127e-01 7.8049061230e-01
4.6000000000e+01 1.9244318016e+02 2.0273140279e+02 2.5558382359e+02 -3.4641200478e-01 4.2792556201e-01 -2.7699156837e-01 7.8749863961e-01
4.7000000000e+01 1.8427788213e+02 2.1500522491e+02 2.5153907363e+02 -3.6225546941e-01 4.1792364972e-01 -2.6692302832e-01 7.8921663366e-01
4.8000000000e+01 1.8529163610e+02 2.1930180578e+02 2.4704497105e+02 -3.6944864632e-01 4.1615835242e-01 -2.7260672807e-01 7.8486017561e-01
4.9000000000e+01 2.0587149825e+02 1.8291386962e+02 2.6003256076e+02 -3.2210753071e-01 4.4154808094e-01 -3.0317329536e-01 7.8062025586e-01
5.0000000000e+01 2.0765137865e+02 1.7482281987e+02 2.6415029197e+02 -3.1113001136e-01 4.5014379381e-01 -2.9117813448e-01 7.8471904203e-01
5.1000000000e+01 2.0641407990e+02 1.6919876596e+02 2.6874243313e+02 -3.0224876900e-01 4.5292708529e-01 -2.8213053381e-01 7.8987663527e-01
5.2000000000e+01 2.0634594613e+02 1.7184772410e+02 2.6710896724e+02 -3.0613294190e-01 4.5174596804e-01 -2.8339055422e-01 7.8860509510e-01
5.3000000000e+01 2.0573222239e+02 1.7516000028e+02 2.6542553969e+02 -3.1118699352e-01 4.5889713909e-01 -2.5502692325e-01 7.9217254384e-01
5.4000000000e+01 1.8643936422e+02 1.9030906292e+02 2.6922168223e+02 -3.2725837699e-01 4.5268589889e-01 -1.7886542919e-01 8.0992875605e-01
5.5000000000e+01 1.8526987107e+02 1.9242611572e+02 2.6852328579e+02 -3.3004736094e-01 4.5008945094e-01 -1.8181386430e-01 8.0958751500e-01
5.6000000000e+01 1.8891139279e+02 1.8355227134e+02 2.7217373038e+02 -3.1791059251e-01 4.5772514206e-01 -1.7497500630e-01 8.1166760233e-01
5.7000000000e+01 1.9120629840e+02 1.7762983547e+02 2.7449095276e+02 -3.0985456268e-01 4.6498284390e-01 -1.6065308445e-01 8.1361642763e-01
5.8000000000e+01 2.0702063333e+02 1.3929515463e+02 2.8495053504e+02 -2.5940409779e-01 4.8363997102e-01 -1.9139000984e-01 8.1373936651e-01
5.9000000000e+01 2.1851171799e+02 9.8920593131e+01 2.9312938355e+02 -2.0795801104e-01 5.0044083400e-01 -2.2139235904e-01 8.1073908298e-01
6.0000000000e+01 2.1720393907e+02 6.7795248494e+01 3.0279323520e+02 -1.6574545925e-01 5.0515876441e-01 -2.2689767198e-01 8.1600276466e-01
6.1000000000e+01 2.2483724024e+02 5.0743498346e+01 3.0055083251e+02 -1.4731615347e-01 5.1522718753e-01 -2.5784085766e-01 8.0396330033e-01
6.2000000000e+01 2.1906975367e+02 2.5079522786e+01 3.0795608569e+02 -1.1156860135e-01 5.1570742544e-01 -2.5805403892e-01 8.0932466386e-01
6.3000000000e+01 2.1795386781e+02 -1.7088473446e+01 3.0929207188e+02 -5.8631696700e-02 5.2642696534e-01 -2.8636320958e-01 7.9839406718e-01
6.4000000000e+01 2.1906667573e+02 -2.0961877702e+01 3.0826592646e+02 -5.4791309124e-02 5.2851772552e-01 -2.9654185464e-01 7.9355519953e-01
6.5000000000e+01 2.2132812775e+02 -2.6128089208e+01 3.0624936403e+02 -4.9124255555e-02 5.3403381625e-01 -2.9031432673e-01 7.9253535083e-01
6.6000000000e+01 2.2300062415e+02 -3.1432099885e+01 3.0453281412e+02 -4.3699827332e-02 5.3786432510e-01 -2.9672715776e-01 7.8787390281e-01
6.7000000000e+01 2.2576677565e+02 -3.8668065909e+01 3.0164819549e+02 -3.5324821555e-02 5.4527236909e-01 -2.8533501704e-01 7.8740975898e-01
6.8000000000e+01 2.1777234883e+02 -8.0700533459e+01 2.9919912789e+02 1.8484531581e-02 5.5266827581e-01 -3.1133157810e-01 7.7284458171e-01
6.9000000000e+01 2.0375708551e+02 1.4044973114e+02 2.8673055867e+02 -2.5983282459e-01 4.6667991194e-01 -2.4552729377e-01 8.0895804036e-01
7.0000000000e+01 2.1537755598e+02 1.0031472021e+02 2.9496941441e+02 -2.0931237159e-01 4.8516133748e-01 -2.7567279410e-01 8.0300144353e-01
7.1000000000e+01 1.9401107652e+02 6.8458964268e+01 3.1801031830e+02 -1.5801036470e-01 4.7388518929e-01 -2.3497728610e-01 8.3381726237e-01
7.2000000000e+01 1.8052098258e+02 -3.0627367277e+01 3.3155939041e+02 -2.5444440037e-02 4.8681887595e-01 -2.0542072894e-01 8.4862376034e-01
7.3000000000e+01 1.8197845569e+02 -2.9578433936e+01 3.3085714146e+02 -2.7277853339e-02 4.8843259124e-01 -1.9442672074e-01 8.5022807104e-01
7.4000000000e+01 1.7615964630e+02 -4.2886025126e+01 3.3254482106e+02 -8.5023081785e-03 4.8479152689e-01 -1.8659524478e-01 8.5445134492e-01
7.5000000000e+01 1.6164342095e+02 -4.6924502017e+01 3.3930367773e+02 2.5145102328e-03 4.6815847856e-01 -2.5059920101e-01 8.4736140852e-01
7.6000000000e+01 1.6278112452e+02 -4.4791828674e+01 3.3904791362e+02 -5.0435851347e-04 4.6876790431e-01 -2.5448825911e-01 8.4586767493e-01
7.7000000000e+01 1.6409144214e+02 -5.0339072125e+01 3.3763510863e+02 5.7516185149e-03 4.7247169235e-01 -2.4249588140e-01 8.4730936872e-01
7.8000000000e+01 1.5489973953e+02 -8.7723345848e+01 3.3431747701e+02 5.7207891945e-02 4.7634825104e-01 -2.7388537714e-01 8.3355047899e-01
7.9000000000e+01 1.6051841283e+02 -9.6998903579e+01 3.2906312767e+02 6.6441456570e-02 4.8616630937e-01 -2.4708670088e-01 8.3556927584e-01
8.0000000000e+01 1.4637734581e+02 -1.3313487212e+02 3.2296481017e+02 1.1818915096e-01 4.8689692270e-01 -2.7727398891e-01 8.1980598091e-01
8.1000000000e+01 1.3131307200e+02 -1.5026667228e+02 3.2192280825e+02 1.4689598368e-01 4.8428401197e-01 -3.6005625196e-01 7.8374106767e-01
8.2000000000e+01 1.0514236722e+02 -1.8923459120e+02 3.1079389031e+02 2.0913167978e-01 4.8343690488e-01 -4.0666769619e-01 7.4644094501e-01
8.3000000000e+01 8.1507586700e+01 -2.1758032938e+02 2.9912004902e+02 2.5820232391e-01 4.8141236988e-01 -4.3143916514e-01 7.1793727919e-01
8.4000000000e+01 1.0576388633e+02 -2.1699718077e+02 2.9186249165e+02 2.4186549189e-01 5.0527094394e-01 -4.0411542656e-01 7.2311346209e-01
8.5000000000e+01 7.2441163285e+01 -2.5390966610e+02 2.7155045474e+02 3.0736176142e-01 5.0486178673e-01 -4.3721528146e-01 6.7785405625e-01
8.6000000000e+01 6.3683471542e+01 -2.5393207824e+02 2.7371592069e+02 3.1261909027e-01 4.9892045485e-01 -4.5792002935e-01 6.6607576960e-01
8.7000000000e+01 6.8752114648e+01 -2.5977482378e+02 2.6692260640e+02 3.1702008221e-01 5.0668853060e-01 -4.3814484125e-01 6.7141201845e-01
8.8000000000e+01 7.4673138403e+01 -2.5544508230e+02 2.6949809364e+02 3.0775858674e-01 5.0823967891e-01 -4.3364177987e-01 6.7744511793e-01
8.9000000000e+01 7.4132177614e+01 -2.5542355611e+02 2.6966779076e+02 3.0772273550e-01 5.0858068100e-01 -4.3876549624e-01 6.7389706059e-01
9.0000000000e+01 4.3863889282e+01 -2.7746665906e+02 2.5405846271e+02 3.5588699694e-01 5.0229954459e-01 -4.5854530553e-01 6.4091794771e-01
9.1000000000e+01 4.6160930495e+01 -2.7971860933e+02 2.5116559923e+02 3.5684482034e-01 5.0681026945e-01 -4.5608671018e-01 6.3858440145e-01
9.2000000000e+01 5.1766363948e+01 -2.8425235921e+02 2.4490473657e+02 3.5897461625e-01 5.1510996768e-01 -4.4304605747e-01 6.3992900938e-01
9.3000000000e+01 4.8486629806e+01 -2.8907693729e+02 2.3987717941e+02 3.6785871823e-01 5.1616584439e-01 -4.3930405704e-01 6.3660406060e-01
9.4000000000e+01 4.3712938558e+01 -2.8736649906e+02 2.4283155554e+02 3.6820043539e-01 5.1229050552e-01 -4.5281828279e-01 6.3003371346e-01
9.5000000000e+01 -3.3788477512e+02 -1.6421862326e+02 4.8203865624e+01 7.8982379218e-01 2.3742220729e-01 -5.4084140495e-01 1.6522604965e-01
9.6000000000e+01 -3.3619258026e+02 -1.6837232967e+02 4.5637678818e+01 7.8947512592e-01 2.4814499362e-01 -5.3899233943e-01 1.5697243619e-01
9.7000000000e+01 -3.3908313992e+02 -1.6355399618e+02 4.1595729421e+01 7.9329130461e-01 2.4878303762e-01 -5.3756915857e-01 1.4076684972e-01
9.8000000000e+01 -3.3992551171e+02 -1.6176250026e+02 4.1725653309e+01 7.9246623791e-01 2.5412536048e-01 -5.4019349581e-01 1.2493418276e-01
9.9000000000e+01 -3.6812422153e+02 -7.6798041743e+01 4.5211817670e+01 8.1490013935e-01 1.5184469447e-01 -5.5477447906e-01 7.1457882959e-02
